arr:
0       15750   7875    9375    11875   15125   
0       0       2625    4375    7125    10500   
0       1       0       750     2500    5375    
2       2       2       0       1000    3500    
2       2       2       3       0       5000    
2       2       2       4       4       0       
cost:
0       15750   7875    9375    11875   15125   
        0       2625    4375    7125    10500   
                0       750     2500    5375    
                        0       1000    3500    
                                0       5000    
                                        0       
divition:
0       1       2       2       2       
        0       2       2       2       
                0       3       4       
                        0       4       
                                0       
